02556869237
02556530264
02556406340
0255663963
02556564649
02556878702
02556674745
02556899170
02556110098
02556786826
02556376527
0255652008
02556858999
02556425887
02556284204
02556730978
02556555124
02556618975
02556209030
02556680388
02556472730
02556709597
02556696605
02556422198
02556878083
02556962964
02556399917
02556859393
02556951455
02556117822
02556642429
02556329899
02556407283
02556563094
02556110559
02556509629
0255655094
02556626308
02556447933
02556529076
02556454894
02556629721
02556763031
02556289930
02556638131
02556695248
02556707363
02556246520
02556588965
02556760758
02556833074
02556851452
02556810453
02556907975
02556396867
02556455640
02556836409
02556896192
02556641414
02556699981
02556992055
02556746184
02556855913
02556339269
0255655242
02556325151
02556194216
02556998490
02556724877
02556146233
02556311970
02556577479
02556964342
0255615062
02556373444
02556891974
02556355066
02556731033
02556874253
02556667440
02556569037
02556782409
0255627929
02556186589
02556948949
02556862068
02556172299
02556732355
02556970775
0255674652
02556765902
02556465141
0255655978
02556906079
0255665159
02556526500
02556799172
02556382806
02556499795
02556970937

